3.850247621536254883e+00 1.440931677818298340e+00 4.193194389343261719e+00 7.223764061927795410e-01
3.343992710113525391e+00 -2.674430608749389648e+00 4.650456905364990234e+00 -2.870400190353393555e+00
2.723422288894653320e+00 -2.266160488128662109e+00 3.343992710113525391e+00 -2.674430608749389648e+00
-1.000000000000000000e+00 1.000000000000000000e+00 4.517126083374023438e-02 2.045171260833740234e+00
4.517126083374023438e-02 2.045171260833740234e+00 1.269981265068054199e+00 2.273802518844604492e+00
4.421825408935546875e+00 -2.738025784492492676e-01 3.931901454925537109e+00 -1.090342760086059570e+00
4.193194389343261719e+00 7.223764061927795410e-01 4.421825408935546875e+00 -2.738025784492492676e-01
1.269981265068054199e+00 2.273802518844604492e+00 3.017376899719238281e+00 1.930855751037597656e+00
3.131692171096801758e+00 -1.596597671508789062e+00 2.739753007888793945e+00 -1.890552163124084473e+00
3.931901454925537109e+00 -1.090342760086059570e+00 3.131692171096801758e+00 -1.596597671508789062e+00
3.017376899719238281e+00 1.930855751037597656e+00 3.850247621536254883e+00 1.440931677818298340e+00
2.739753007888793945e+00 -1.890552163124084473e+00 2.723422288894653320e+00 -2.266160488128662109e+00
4.650456905364990234e+00 -2.870400190353393555e+00 5.744620323181152344e+00 -3.229677915573120117e+00
5.744620323181152344e+00 -3.229677915573120117e+00 5.826274394989013672e+00 -3.866579294204711914e+00
5.826274394989013672e+00 -3.866579294204711914e+00 5.581312179565429688e+00 -4.405495643615722656e+00
5.581312179565429688e+00 -4.405495643615722656e+00 4.879087924957275391e+00 -4.846427440643310547e+00
4.879087924957275391e+00 -4.846427440643310547e+00 3.997224569320678711e+00 -4.911750793457031250e+00
3.997224569320678711e+00 -4.911750793457031250e+00 3.637947082519531250e+00 -4.797435283660888672e+00
3.637947082519531250e+00 -4.797435283660888672e+00 3.360323429107666016e+00 -4.764773845672607422e+00
3.360323429107666016e+00 -4.764773845672607422e+00 2.968384265899658203e+00 -4.846427917480468750e+00
2.968384265899658203e+00 -4.846427917480468750e+00 2.364144563674926758e+00 -5.205705642700195312e+00
2.364144563674926758e+00 -5.205705642700195312e+00 1.955874562263488770e+00 -5.564983367919921875e+00
1.955874562263488770e+00 -5.564983367919921875e+00 1.253650188446044922e+00 -5.646637439727783203e+00
1.253650188446044922e+00 -5.646637439727783203e+00 5.187641382217407227e-01 -5.238367557525634766e+00
5.187641382217407227e-01 -5.238367557525634766e+00 3.391253352165222168e-01 -4.666789531707763672e+00
3.391253352165222168e-01 -4.666789531707763672e+00 1.090342164039611816e+00 -3.882910966873168945e+00
1.090342164039611816e+00 -3.882910966873168945e+00 2.086521148681640625e+00 -3.425648450851440430e+00
2.086521148681640625e+00 -3.425648450851440430e+00 2.102851867675781250e+00 -3.033709287643432617e+00
2.102851867675781250e+00 -3.033709287643432617e+00 2.021197795867919922e+00 -2.723423957824707031e+00
2.021197795867919922e+00 -2.723423957824707031e+00 1.139334440231323242e+00 -2.543785095214843750e+00
1.139334440231323242e+00 -2.543785095214843750e+00 2.411403656005859375e-01 -2.413138628005981445e+00
2.411403656005859375e-01 -2.413138628005981445e+00 -5.264073014259338379e-01 -2.151845693588256836e+00
-5.264073014259338379e-01 -2.151845693588256836e+00 -9.673389196395874023e-01 -1.433290481567382812e+00
-9.673389196395874023e-01 -1.433290481567382812e+00 -1.587909340858459473e+00 -7.310659885406494141e-01
-1.587909340858459473e+00 -7.310659885406494141e-01 -2.355457067489624023e+00 -6.494119763374328613e-01
-2.355457067489624023e+00 -6.494119763374328613e-01 -3.139335632324218750e+00 -2.411419153213500977e-01
-3.139335632324218750e+00 -2.411419153213500977e-01 -3.155666351318359375e+00 2.651129961013793945e-01
-3.155666351318359375e+00 2.651129961013793945e-01 -2.273802995681762695e+00 5.590674877166748047e-01
-2.273802995681762695e+00 5.590674877166748047e-01 -1.293954968452453613e+00 4.447518587112426758e-01
-1.000000000000000000e+00 1.000000000000000000e+00 -1.293954968452453613e+00 4.447518587112426758e-01
